36.70337,3.10418 
36.70336,3.10418 
36.70336,3.10419 
36.70336,3.10420 
36.70334,3.10422 
36.70333,3.10425 
36.70331,3.10428 
36.70330,3.10431 
36.70328,3.10434 
36.70326,3.10437 
36.70325,3.10441 
36.70323,3.10443 
36.70322,3.10446 
36.70321,3.10449 
36.70319,3.10451 
36.70317,3.10454 
36.70316,3.10456 
36.70314,3.10458 
36.70313,3.10461 
36.70312,3.10463 
36.70310,3.10464 
36.70310,3.10465 
36.70309,3.10466 
36.70307,3.10469 
36.70307,3.10470 
36.70307,3.10470 
36.70307,3.10470 
36.70307,3.10470 
36.70308,3.10470 
36.70308,3.10470 
36.70307,3.10470 
36.70307,3.10470 
36.70306,3.10470 
36.70305,3.10471 
36.70305,3.10472 
36.70304,3.10473 
36.70303,3.10474 
36.70302,3.10474 
36.70300,3.10476 
36.70299,3.10476 
36.70297,3.10477 
36.70294,3.10477 
36.70291,3.10476 
36.70289,3.10474 
36.70286,3.10472 
36.70284,3.10468 
36.70281,3.10465 
36.70275,3.10460 
36.70271,3.10456 
36.70267,3.10451 
36.70260,3.10445 
36.70254,3.10439 
36.70249,3.10433 
36.70242,3.10426 
36.70235,3.10419 
36.70229,3.10412 
36.70222,3.10405 
36.70214,3.10398 
36.70208,3.10390 
36.70201,3.10382 
36.70192,3.10373 
36.70185,3.10365 
36.70178,3.10356 
36.70169,3.10347 
36.70162,3.10338 
36.70154,3.10329 
36.70147,3.10320 
36.70138,3.10312 
36.70129,3.10303 
36.70121,3.10294 
36.70113,3.10285 
36.70104,3.10276 
36.70096,3.10267 
36.70088,3.10257 
36.70079,3.10248 
36.70071,3.10238 
36.70064,3.10229 
36.70056,3.10219 
36.70048,3.10210 
36.70041,3.10200 
36.70033,3.10190 
36.70027,3.10181 
36.70020,3.10171 
36.70014,3.10161 
36.70008,3.10151 
36.70003,3.10141 
36.69998,3.10131 
36.69993,3.10122 
36.69988,3.10113 
36.69984,3.10104 
36.69981,3.10096 
36.69977,3.10089 
36.69974,3.10082 
36.69972,3.10075 
36.69972,3.10069 
36.69972,3.10062 
36.69973,3.10055 
36.69975,3.10049 
36.69979,3.10043 
36.69984,3.10038 
36.69990,3.10034 
36.69998,3.10031 
36.70005,3.10029 
36.70012,3.10027 
36.70019,3.10024 
36.70027,3.10020 
36.70035,3.10017 
36.70042,3.10013 
36.70050,3.10009 
36.70058,3.10004 
36.70066,3.10000 
36.70073,3.09995 
36.70080,3.09991 
36.70088,3.09986 
36.70095,3.09982 
36.70102,3.09978 
36.70110,3.09973 
36.70117,3.09969 
36.70124,3.09964 
36.70131,3.09960 
36.70138,3.09956 
36.70145,3.09952 
36.70153,3.09948 
36.70161,3.09944 
36.70169,3.09940 
36.70176,3.09937 
36.70183,3.09933 
36.70190,3.09930 
36.70197,3.09928 
36.70204,3.09925 
36.70210,3.09923 
36.70216,3.09922 
36.70222,3.09921 
36.70226,3.09922 
36.70231,3.09922 
36.70235,3.09924 
36.70239,3.09926 
36.70243,3.09929 
36.70246,3.09931 
36.70249,3.09932 
36.70251,3.09933 
36.70254,3.09932 
36.70256,3.09930 
36.70260,3.09925 
36.70262,3.09921 
36.70264,3.09917 
36.70267,3.09913 
36.70270,3.09910 
36.70274,3.09908 
36.70278,3.09905 
36.70284,3.09904 
36.70288,3.09902 
36.70294,3.09900 
36.70302,3.09900 
36.70309,3.09900 
36.70317,3.09900 
36.70325,3.09900 
36.70333,3.09900 
36.70340,3.09901 
36.70349,3.09901 
36.70358,3.09901 
36.70368,3.09900 
36.70378,3.09899 
36.70389,3.09899 
36.70400,3.09902 
36.70412,3.09904 
36.70423,3.09907 
36.70435,3.09912 
36.70447,3.09916 
36.70461,3.09921 
36.70471,3.09925 
36.70483,3.09929 
36.70495,3.09934 
36.70508,3.09940 
36.70518,3.09948 
36.70528,3.09958 
36.70539,3.09966 
36.70551,3.09976 
36.70563,3.09986 
36.70575,3.09997 
36.70586,3.10009 
36.70598,3.10021 
36.70611,3.10032 
36.70623,3.10045 
36.70635,3.10056 
36.70647,3.10067 
36.70661,3.10078 
36.70674,3.10089 
36.70688,3.10098 
36.70703,3.10107 
36.70718,3.10115 
36.70731,3.10123 
36.70746,3.10131 
36.70763,3.10137 
36.70779,3.10142 
36.70795,3.10147 
36.70811,3.10150 
36.70829,3.10153 
36.70846,3.10153 
36.70862,3.10153 
36.70879,3.10152 
36.70896,3.10151 
36.70913,3.10149 
36.70930,3.10146 
36.70947,3.10143 
36.70964,3.10140 
36.70980,3.10137 
36.70997,3.10134 
36.71014,3.10130 
36.71030,3.10127 
36.71047,3.10124 
36.71063,3.10121 
36.71080,3.10117 
36.71097,3.10114 
36.71114,3.10110 
36.71130,3.10107 
36.71148,3.10104 
36.71164,3.10101 
36.71181,3.10097 
36.71199,3.10095 
36.71215,3.10092 
36.71232,3.10090 
36.71249,3.10089 
36.71266,3.10087 
36.71283,3.10086 
36.71300,3.10085 
36.71316,3.10084 
36.71334,3.10083 
36.71352,3.10084 
36.71368,3.10085 
36.71384,3.10087 
36.71400,3.10088 
36.71417,3.10090 
36.71433,3.10093 
36.71449,3.10095 
36.71464,3.10099 
36.71479,3.10102 
36.71495,3.10105 
36.71510,3.10110 
36.71524,3.10115 
36.71540,3.10121 
36.71554,3.10128 
36.71569,3.10135 
36.71584,3.10142 
36.71599,3.10150 
36.71613,3.10157 
36.71628,3.10166 
36.71644,3.10176 
36.71660,3.10187 
36.71675,3.10197 
36.71691,3.10207 
36.71706,3.10218 
36.71720,3.10229 
36.71734,3.10238 
36.71749,3.10247 
36.71765,3.10259 
36.71780,3.10271 
36.71795,3.10282 
36.71810,3.10294 
36.71826,3.10306 
36.71840,3.10318 
36.71857,3.10329 
36.71873,3.10341 
36.71889,3.10353 
36.71904,3.10366 
36.71920,3.10378 
36.71937,3.10391 
36.71953,3.10403 
36.71968,3.10415 
36.71984,3.10428 
36.72000,3.10441 
36.72018,3.10454 
36.72035,3.10468 
36.72052,3.10483 
36.72069,3.10497 
36.72085,3.10512 
36.72101,3.10527 
36.72118,3.10542 
36.72133,3.10558 
36.72149,3.10573 
36.72164,3.10589 
36.72180,3.10606 
36.72195,3.10623 
36.72209,3.10640 
36.72223,3.10658 
36.72236,3.10676 
36.72249,3.10694 
36.72262,3.10713 
36.72275,3.10731 
36.72287,3.10750 
36.72299,3.10770 
36.72311,3.10790 
36.72322,3.10808 
36.72334,3.10829 
36.72344,3.10849 
36.72354,3.10870 
36.72364,3.10891 
36.72373,3.10913 
36.72383,3.10935 
36.72391,3.10957 
36.72400,3.10979 
36.72410,3.11001 
36.72421,3.11024 
36.72431,3.11046 
36.72442,3.11069 
36.72453,3.11091 
36.72453,3.11091 
36.72464,3.11124 
36.72455,3.11122 
36.72455,3.11122 
36.72455,3.11122 
36.72519,3.11140 
36.72532,3.11156 
36.72549,3.11164 
36.72566,3.11167 
36.72567,3.11193 
36.72567,3.11193 
36.72567,3.11193 
36.72567,3.11193 
36.72567,3.11193 
36.72567,3.11193 
36.72567,3.11193 
36.72567,3.11193 
36.72567,3.11193 
36.72567,3.11193 
36.72567,3.11193 
36.72567,3.11193 
36.72567,3.11193 
36.72567,3.11193 
36.72567,3.11193 
36.72567,3.11193 
36.72567,3.11193 
36.72567,3.11193 
36.72567,3.11193 
36.72567,3.11193 
36.72567,3.11193 
36.72567,3.11193 
36.72567,3.11193 
36.72567,3.11193 
36.72567,3.11193 
36.72567,3.11193 
36.72567,3.11193 
36.72567,3.11193 
36.72567,3.11193 
36.72567,3.11193 
36.72567,3.11193 
36.72567,3.11193 
36.72567,3.11193 
36.72567,3.11193 
36.72567,3.11193 
36.72567,3.11193 
36.72567,3.11193 
36.72567,3.11193 
36.72567,3.11193 
36.72567,3.11193 
36.72567,3.11193 
36.72567,3.11193 
36.72567,3.11193 
36.72567,3.11193 
36.72567,3.11193 
36.72567,3.11193 
36.72567,3.11193 
36.72567,3.11193 
36.72567,3.11193 
36.72567,3.11193 
36.72567,3.11193 
36.72567,3.11193 
36.72567,3.11193 
36.72567,3.11193 
36.72567,3.11193 
36.72567,3.11193 
36.72567,3.11193 
36.73289,3.11941 
36.73295,3.11945 
36.73301,3.11949 
36.73308,3.11953 
36.73315,3.11957 
36.73321,3.11961 
36.73328,3.11965 
36.73334,3.11970 
36.73342,3.11974 
36.73349,3.11979 
36.73357,3.11984 
36.73367,3.11990 
36.73376,3.11995 
36.73386,3.12001 
36.73398,3.12007 
36.73408,3.12014 
36.73420,3.12020 
36.73431,3.12026 
36.73443,3.12033 
36.73456,3.12040 
36.73468,3.12047 
36.73482,3.12055 
36.73495,3.12063 
36.73509,3.12070 
36.73523,3.12079 
36.73538,3.12088 
36.73554,3.12096 
36.73569,3.12105 
36.73585,3.12114 
36.73601,3.12123 
36.73617,3.12133 
36.73634,3.12142 
36.73649,3.12152 
36.73666,3.12162 
36.73683,3.12172 
36.73700,3.12182 
36.73716,3.12192 
36.73732,3.12202 
36.73749,3.12211 
36.73765,3.12221 
36.73781,3.12232 
36.73795,3.12243 
36.73810,3.12255 
36.73824,3.12269 
36.73835,3.12283 
36.73847,3.12299 
36.73858,3.12315 
36.73868,3.12333 
36.73878,3.12350 
36.73886,3.12369 
36.73892,3.12388 
36.73897,3.12408 
36.73903,3.12427 
36.73907,3.12447 
36.73910,3.12468 
36.73912,3.12489 
36.73913,3.12509 
36.73915,3.12530 
36.73918,3.12550 
36.73919,3.12571 
36.73921,3.12591 
36.73922,3.12611 
36.73923,3.12631 
36.73923,3.12651 
36.73922,3.12671 
36.73920,3.12690 
36.73918,3.12710 
36.73915,3.12728 
36.73912,3.12746 
36.73910,3.12764 
36.73905,3.12781 
36.73901,3.12797 
36.73897,3.12814 
36.73892,3.12831 
36.73889,3.12848 
36.73885,3.12865 
36.73880,3.12881 
36.73876,3.12898 
36.73873,3.12914 
36.73869,3.12930 
36.73865,3.12945 
36.73862,3.12959 
36.73859,3.12973 
36.73855,3.12987 
36.73852,3.13000 
36.73850,3.13013 
36.73847,3.13025 
36.73844,3.13038 
36.73841,3.13050 
36.73838,3.13063 
36.73834,3.13076 
36.73831,3.13090 
36.73828,3.13104 
36.73826,3.13119 
36.73823,3.13133 
36.73819,3.13147 
36.73816,3.13162 
36.73812,3.13175 
36.73809,3.13189 
36.73806,3.13202 
36.73803,3.13215 
36.73800,3.13228 
36.73796,3.13240 
36.73794,3.13251 
36.73791,3.13263 
36.73789,3.13273 
36.73786,3.13284 
36.73784,3.13294 
36.73781,3.13304 
36.73779,3.13313 
36.73777,3.13320 
36.73775,3.13327 
36.73773,3.13334 
36.73772,3.13340 
36.73770,3.13345 
36.73769,3.13350 
36.73768,3.13355 
36.73767,3.13360 
36.73766,3.13364 
36.73766,3.13368 
36.73764,3.13373 
36.73764,3.13378 
36.73763,3.13383 
36.73762,3.13388 
36.73762,3.13392 
36.73761,3.13397 
36.73760,3.13401 
36.73759,3.13405 
36.73758,3.13409 
36.73758,3.13413 
36.73757,3.13417 
36.73757,3.13421 
36.73756,3.13424 
36.73756,3.13427 
36.73755,3.13432 
36.73754,3.13437 
36.73752,3.13444 
36.73751,3.13450 
36.73750,3.13457 
36.73748,3.13463 
36.73747,3.13470 
36.73746,3.13477 
36.73744,3.13482 
36.73743,3.13487 
36.73741,3.13491 
36.73740,3.13495 
36.73739,3.13499 
36.73738,3.13503 
36.73738,3.13508 
36.73737,3.13513 
36.73735,3.13518 
36.73733,3.13524 
36.73732,3.13531 
36.73730,3.13538 
36.73729,3.13544 
36.73728,3.13551 
36.73727,3.13555 
36.73727,3.13560 
36.73726,3.13564 
36.73724,3.13570 
36.73723,3.13575 
36.73723,3.13581 
36.73722,3.13586 
36.73722,3.13591 
36.73722,3.13596 
36.73721,3.13601 
36.73720,3.13606 
36.73718,3.13611 
36.73718,3.13615 
36.73718,3.13619 
36.73716,3.13623 
36.73714,3.13627 
36.73714,3.13633 
36.73712,3.13638 
36.73712,3.13644 
36.73712,3.13648 
36.73712,3.13653 
36.73712,3.13659 
36.73709,3.13665 
36.73708,3.13671 
36.73707,3.13677 
36.73706,3.13683 
36.73705,3.13688 
36.73704,3.13693 
36.73703,3.13699 
36.73703,3.13705 
36.73701,3.13711 
36.73700,3.13716 
36.73699,3.13722 
36.73697,3.13728 
36.73695,3.13733 
36.73694,3.13739 
36.73692,3.13745 
36.73691,3.13751 
36.73689,3.13758 
36.73688,3.13764 
36.73686,3.13770 
36.73685,3.13776 
36.73683,3.13782 
36.73680,3.13788 
36.73678,3.13794 
36.73678,3.13799 
36.73676,3.13806 
36.73676,3.13810 
36.73674,3.13817 
36.73673,3.13823 
36.73671,3.13830 
36.73670,3.13838 
36.73667,3.13847 
36.73666,3.13856 
36.73664,3.13865 
36.73662,3.13875 
36.73660,3.13885 
36.73659,3.13896 
36.73655,3.13906 
36.73651,3.13917 
36.73649,3.13928 
36.73646,3.13940 
36.73644,3.13952 
36.73641,3.13964 
36.73639,3.13976 
36.73637,3.13987 
36.73634,3.14000 
36.73630,3.14012 
36.73626,3.14024 
36.73622,3.14037 
36.73619,3.14051 
36.73616,3.14065 
36.73612,3.14079 
36.73608,3.14093 
36.73604,3.14107 
36.73601,3.14121 
36.73598,3.14136 
36.73594,3.14150 
36.73590,3.14164 
36.73587,3.14178 
36.73584,3.14192 
36.73580,3.14206 
36.73576,3.14219 
36.73572,3.14233 
36.73571,3.14247 
36.73569,3.14260 
36.73566,3.14273 
36.73564,3.14286 
36.73561,3.14299 
36.73558,3.14313 
36.73554,3.14327 
36.73551,3.14340 
36.73548,3.14354 
36.73543,3.14368 
36.73540,3.14383 
36.73537,3.14397 
36.73534,3.14410 
36.73529,3.14424 
36.73526,3.14439 
36.73522,3.14453 
36.73517,3.14468 
36.73514,3.14483 
36.73508,3.14499 
36.73505,3.14514 
36.73499,3.14529 
36.73496,3.14544 
36.73490,3.14558 
36.73486,3.14573 
36.73482,3.14587 
36.73479,3.14601 
36.73474,3.14614 
36.73470,3.14628 
36.73464,3.14641 
36.73460,3.14655 
36.73455,3.14669 
36.73448,3.14683 
36.73443,3.14696 
36.73438,3.14709 
36.73433,3.14721 
36.73428,3.14733 
36.73423,3.14744 
36.73417,3.14755 
36.73411,3.14766 
36.73406,3.14777 
36.73402,3.14788 
36.73397,3.14799 
36.73393,3.14808 
36.73388,3.14818 
36.73384,3.14827 
36.73381,3.14835 
36.73377,3.14842 
36.73373,3.14850 
36.73369,3.14858 
36.73365,3.14866 
36.73360,3.14873 
36.73357,3.14881 
36.73354,3.14888 
36.73351,3.14894 
36.73348,3.14900 
36.73344,3.14907 
36.73341,3.14913 
36.73339,3.14919 
36.73334,3.14925 
36.73331,3.14931 
36.73328,3.14938 
36.73325,3.14944 
36.73322,3.14951 
36.73319,3.14957 
36.73315,3.14964 
36.73311,3.14971 
36.73308,3.14978 
36.73305,3.14985 
36.73301,3.14992 
36.73296,3.14998 
36.73293,3.15005 
36.73289,3.15011 
36.73285,3.15018 
36.73282,3.15024 
36.73278,3.15031 
36.73274,3.15037 
36.73271,3.15042 
36.73269,3.15048 
36.73266,3.15053 
36.73263,3.15059 
36.73260,3.15065 
36.73257,3.15070 
36.73255,3.15076 
36.73252,3.15081 
36.73249,3.15086 
36.73246,3.15090 
36.73243,3.15095 
36.73241,3.15099 
36.73239,3.15104 
36.73236,3.15109 
36.73234,3.15113 
36.73230,3.15119 
36.73227,3.15124 
36.73224,3.15131 
36.73219,3.15138 
36.73215,3.15144 
36.73212,3.15151 
36.73208,3.15157 
36.73204,3.15163 
36.73201,3.15170 
36.73197,3.15175 
36.73195,3.15180 
36.73193,3.15185 
36.73191,3.15188 
36.73189,3.15192 
36.73186,3.15196 
36.73184,3.15200 
36.73183,3.15204 
36.73180,3.15209 
36.73178,3.15214 
36.73175,3.15219 
36.73173,3.15225 
36.73169,3.15230 
36.73166,3.15236 
36.73163,3.15243 
36.73159,3.15249 
36.73155,3.15256 
36.73151,3.15263 
36.73146,3.15270 
36.73141,3.15278 
36.73136,3.15287 
36.73131,3.15295 
36.73127,3.15304 
36.73122,3.15312 
36.73118,3.15321 
36.73112,3.15330 
36.73107,3.15339 
36.73102,3.15349 
36.73097,3.15358 
36.73092,3.15368 
36.73086,3.15377 
36.73081,3.15386 
36.73077,3.15394 
36.73073,3.15403 
36.73069,3.15411 
36.73064,3.15419 
36.73060,3.15427 
36.73054,3.15436 
36.73051,3.15445 
36.73046,3.15453 
36.73041,3.15462 
36.73038,3.15471 
36.73033,3.15480 
36.73029,3.15489 
36.73024,3.15499 
36.73020,3.15509 
36.73016,3.15519 
36.73011,3.15529 
36.73006,3.15540 
36.73001,3.15551 
36.72996,3.15562 
36.72991,3.15573 
36.72987,3.15584 
36.72983,3.15595 
36.72978,3.15606 
36.72973,3.15617 
36.72968,3.15628 
36.72964,3.15639 
36.72960,3.15650 
36.72955,3.15661 
36.72951,3.15672 
36.72946,3.15684 
36.72937,3.15688 
36.72938,3.15703 
36.72933,3.15713 
36.72927,3.15726 
36.72923,3.15739 
36.72917,3.15751 
36.72911,3.15764 
36.72906,3.15778 
36.72901,3.15791 
36.72897,3.15804 
36.72891,3.15818 
36.72887,3.15833 
36.72883,3.15848 
36.72879,3.15863 
36.72875,3.15880 
36.72871,3.15896 
36.72867,3.15912 
36.72863,3.15929 
36.72859,3.15946 
36.72854,3.15963 
36.72849,3.15981 
36.72845,3.15998 
36.72839,3.16016 
36.72835,3.16034 
36.72829,3.16051 
36.72823,3.16068 
36.72817,3.16083 
36.72810,3.16098 
36.72802,3.16113 
36.72793,3.16125 
36.72782,3.16136 
36.72771,3.16146 
36.72759,3.16154 
36.72747,3.16161 
36.72733,3.16167 
36.72720,3.16171 
36.72705,3.16174 
36.72691,3.16175 
36.72675,3.16175 
36.72659,3.16175 
36.72644,3.16174 
36.72629,3.16174 
36.72613,3.16174 
36.72597,3.16174 
36.72582,3.16174 
36.72567,3.16173 
36.72553,3.16174 
36.72539,3.16174 
36.72526,3.16173 
36.72513,3.16173 
36.72502,3.16173 
36.72491,3.16173 
36.72482,3.16173 
36.72472,3.16173 
36.72464,3.16173 
36.72455,3.16173 
36.72449,3.16173 
36.72442,3.16173 
36.72436,3.16172 
36.72431,3.16172 
36.72428,3.16172 
36.72425,3.16171 
36.72423,3.16171 
36.72421,3.16171 
36.72419,3.16171 
36.72419,3.16171 
36.72418,3.16171 
36.72416,3.16170 
36.72416,3.16170 
36.72415,3.16169 
36.72413,3.16168 
36.72410,3.16167 
36.72409,3.16166 
36.72406,3.16164 
36.72402,3.16163 
36.72399,3.16162 
36.72396,3.16162 
36.72394,3.16162 
36.72392,3.16163 
36.72390,3.16164 
36.72389,3.16165 
36.72387,3.16168 
36.72386,3.16171 
36.72384,3.16177 
36.72383,3.16183 
36.72384,3.16190 
36.72384,3.16197 
36.72384,3.16204 
36.72385,3.16212 
36.72386,3.16221 
36.72387,3.16231 
36.72387,3.16241 
36.72388,3.16252 
36.72388,3.16263 
36.72389,3.16275 
36.72390,3.16287 
36.72392,3.16299 
36.72393,3.16312 
36.72394,3.16324 
36.72395,3.16336 
36.72396,3.16348 
36.72396,3.16360 
36.72396,3.16373 
36.72397,3.16386 
36.72398,3.16399 
36.72399,3.16412 
36.72401,3.16425 
36.72402,3.16439 
36.72406,3.16454 
36.72407,3.16468 
36.72410,3.16482 
36.72412,3.16497 
36.72413,3.16511 
36.72416,3.16526 
36.72418,3.16541 
36.72420,3.16557 
36.72422,3.16572 
36.72424,3.16588 
36.72425,3.16604 
36.72427,3.16620 
36.72428,3.16637 
36.72429,3.16653 
36.72430,3.16670 
36.72431,3.16687 
36.72433,3.16705 
36.72434,3.16722 
36.72436,3.16740 
36.72438,3.16758 
36.72439,3.16777 
36.72441,3.16794 
36.72441,3.16813 
36.72442,3.16830 
36.72444,3.16846 
36.72446,3.16860 
36.72449,3.16873 
36.72451,3.16885 
36.72451,3.16896 
36.72452,3.16906 
36.72452,3.16914 
36.72453,3.16922 
36.72453,3.16929 
36.72454,3.16935 
36.72454,3.16939 
36.72454,3.16942 
36.72454,3.16944 
36.72454,3.16944 
36.72454,3.16944 
36.72454,3.16944 
36.72455,3.16944 
36.72455,3.16944 
36.72455,3.16944 
36.72455,3.16944 
36.72455,3.16944 
36.72455,3.16944 
36.72455,3.16944 
36.72455,3.16944 
36.72455,3.16944 
36.72455,3.16944 
36.72454,3.16945 
36.72454,3.16945 
36.72454,3.16946 
36.72455,3.16949 
36.72455,3.16953 
36.72456,3.16957 
36.72457,3.16963 
36.72457,3.16969 
36.72457,3.16975 
36.72459,3.16983 
36.72459,3.16991 
36.72461,3.17001 
36.72461,3.17011 
36.72462,3.17021 
36.72464,3.17033 
36.72465,3.17044 
36.72467,3.17057 
36.72468,3.17069 
36.72470,3.17081 
36.72472,3.17092 
36.72475,3.17102 
36.72476,3.17112 
36.72477,3.17123 
36.72478,3.17133 
36.72480,3.17142 
36.72480,3.17151 
36.72480,3.17159 
36.72482,3.17166 
36.72482,3.17171 
36.72482,3.17175 
36.72484,3.17178 
36.72484,3.17180 
36.72484,3.17183 
36.72482,3.17186 
36.72484,3.17189 
36.72484,3.17192 
36.72487,3.17194 
36.72488,3.17197 
36.72488,3.17200 
36.72488,3.17203 
36.72488,3.17207 
36.72488,3.17210 
36.72488,3.17213 
36.72488,3.17215 
36.72488,3.17218 
36.72487,3.17221 
36.72485,3.17224 
36.72485,3.17226 
36.72486,3.17228 
36.72486,3.17229 
36.72487,3.17230 
36.72487,3.17230 
36.72487,3.17230 
36.72488,3.17230 
36.72488,3.17230 
36.72488,3.17230 
36.72488,3.17230 
36.72488,3.17230 
36.72488,3.17230 
36.72488,3.17231 
36.72487,3.17232 
36.72488,3.17234 
36.72488,3.17236 
36.72488,3.17239 
36.72488,3.17242 
36.72488,3.17245 
36.72488,3.17247 
36.72488,3.17249 
36.72488,3.17251 
36.72488,3.17254 
36.72488,3.17256 
36.72489,3.17260 
36.72488,3.17263 
36.72489,3.17267 
36.72490,3.17271 
36.72490,3.17275 
36.72490,3.17280 
36.72490,3.17285 
36.72490,3.17290 
36.72490,3.17295 
36.72491,3.17301 
36.72492,3.17307 
36.72493,3.17313 
36.72493,3.17319 
36.72494,3.17325 
36.72496,3.17331 
36.72496,3.17336 
36.72497,3.17341 
36.72497,3.17346 
36.72499,3.17351 
36.72499,3.17355 
36.72500,3.17360 
36.72501,3.17363 
36.72501,3.17366 
36.72502,3.17369 
36.72502,3.17371 
36.72502,3.17373 
36.72502,3.17375 
36.72502,3.17376 
36.72502,3.17378 
36.72502,3.17381 
36.72502,3.17384 
36.72503,3.17388 
36.72503,3.17393 
36.72503,3.17396 
36.72503,3.17401 
36.72504,3.17406 
36.72505,3.17412 
36.72505,3.17418 
36.72505,3.17423 
36.72506,3.17429 
36.72507,3.17436 
36.72508,3.17444 
36.72509,3.17451 
36.72510,3.17459 
36.72510,3.17468 
36.72511,3.17476 
36.72512,3.17484 
36.72513,3.17492 
36.72513,3.17500 
36.72515,3.17506 
36.72516,3.17511 
36.72517,3.17517 
36.72517,3.17523 
36.72517,3.17528 
36.72517,3.17533 
36.72519,3.17539 
36.72519,3.17545 
36.72520,3.17550 
36.72522,3.17555 
36.72522,3.17560 
36.72522,3.17563 
36.72524,3.17568 
36.72524,3.17573 
36.72524,3.17578 
36.72524,3.17583 
36.72525,3.17586 
36.72526,3.17590 
36.72526,3.17594 
36.72526,3.17598 
36.72527,3.17600 
36.72527,3.17603 
36.72527,3.17605 
36.72527,3.17607 
36.72526,3.17609 
36.72526,3.17611 
36.72526,3.17613 
36.72526,3.17614 
36.72526,3.17616 
36.72526,3.17617 
36.72527,3.17618 
36.72528,3.17619 
36.72528,3.17620 
36.72529,3.17620 
36.72529,3.17620 
36.72529,3.17620 
36.72529,3.17620 
36.72529,3.17620 
36.72529,3.17620 
36.72529,3.17620 
36.72529,3.17620 
36.72529,3.17620 
36.72528,3.17620 
36.72528,3.17621 
36.72529,3.17621 
36.72529,3.17622 
36.72529,3.17622 
36.72529,3.17623 
36.72529,3.17623 
36.72529,3.17624 
36.72528,3.17625 
36.72527,3.17626 
36.72528,3.17628 
36.72529,3.17631 
36.72529,3.17634 
36.72529,3.17634 
36.72529,3.17634 
36.72529,3.17634 
36.72529,3.17634 
36.72529,3.17634 
36.72529,3.17634 
36.72529,3.17634 
36.72529,3.17634 
36.72529,3.17634 
36.72529,3.17634 
36.72529,3.17634 
36.72529,3.17634 
36.72529,3.17634 
36.72529,3.17634 
36.72529,3.17634 
36.72529,3.17634 
36.72529,3.17634 
36.72529,3.17634 
36.72529,3.17634 
36.72529,3.17634 
36.72529,3.17634 
36.72529,3.17634 
36.72529,3.17634 
36.72529,3.17634 
36.72529,3.17634 
36.72529,3.17634 
36.72529,3.17634 
36.72529,3.17634 
36.72529,3.17634 
36.72529,3.17634 
36.72529,3.17634 
36.72529,3.17634 
36.72529,3.17634 
36.72529,3.17634 
36.72529,3.17634 
36.72529,3.17634 
36.72529,3.17634 
36.72529,3.17634 
36.72529,3.17634 
36.72529,3.17634 
36.72529,3.17634 
36.72529,3.17634 
36.72529,3.17634 
36.72529,3.17634 
36.72529,3.17634 
36.72529,3.17634 
36.72529,3.17634 
36.72529,3.17634 
36.72529,3.17634 
36.72529,3.17634 
36.72529,3.17634 
36.72529,3.17634 
36.72529,3.17634 
36.72529,3.17634 
36.72529,3.17634 
36.72529,3.17634 
36.72529,3.17634 
36.72529,3.17634 
36.72529,3.17634 
36.72529,3.17634 
36.72529,3.17634 
36.72529,3.17634 
36.72529,3.17634 
36.72529,3.17634 
36.72529,3.17634 
36.72529,3.17634 
36.72529,3.17634 
36.72529,3.17634 
36.72529,3.17634 
36.72529,3.17634 
36.72529,3.17726 
36.72543,3.17738 
36.72547,3.17746 
36.72547,3.17751 
36.72547,3.17755 
36.72547,3.17761 
36.72548,3.17767 
36.72549,3.17772 
36.72549,3.17772 
36.72549,3.17772 
36.72550,3.17786 
36.72550,3.17790 
36.72550,3.17790 
36.72550,3.17790 
36.72550,3.17790 
36.72550,3.17790 
36.72550,3.17790 
36.72550,3.17790 
36.72550,3.17790 
36.72550,3.17790 
36.72556,3.17814 
36.72556,3.17811 
36.72552,3.17816 
36.72550,3.17818 
36.72545,3.17821 
36.72543,3.17824 
36.72545,3.17837 
36.72545,3.17842 
36.72547,3.17848 
36.72547,3.17853 
36.72547,3.17858 
36.72547,3.17861 
36.72547,3.17866 
36.72548,3.17871 
36.72549,3.17876 
36.72550,3.17882 
36.72550,3.17887 
36.72550,3.17890 
36.72550,3.17892 
36.72550,3.17893 
36.72551,3.17893 
36.72551,3.17894 
36.72552,3.17895 
36.72552,3.17896 
36.72552,3.17896 
36.72552,3.17896 
36.72552,3.17895 
36.72552,3.17895 
36.72552,3.17895 
36.72552,3.17895 
36.72552,3.17895 
36.72552,3.17895 
36.72552,3.17895 
36.72552,3.17896 
36.72552,3.17896 
36.72552,3.17896 
36.72552,3.17897 
36.72552,3.17898 
36.72553,3.17898 
36.72553,3.17898 
36.72553,3.17898 
36.72553,3.17898 
36.72553,3.17898 
36.72553,3.17898 
36.72553,3.17898 
36.72554,3.17898 
36.72554,3.17898 
36.72554,3.17899 
36.72554,3.17900 
36.72555,3.17902 
36.72555,3.17904 
36.72555,3.17906 
36.72555,3.17907 
36.72555,3.17907 
36.72555,3.17908 
36.72555,3.17908 
36.72555,3.17908 
36.72555,3.17909 
36.72555,3.17910 
36.72555,3.17910 
36.72555,3.17910 
36.72555,3.17910 
36.72555,3.17910 
36.72555,3.17911 
36.72555,3.17912 
36.72555,3.17915 
36.72555,3.17918 
36.72556,3.17923 
36.72557,3.17928 
36.72557,3.17933 
36.72558,3.17939 
36.72558,3.17944 
36.72558,3.17950 
36.72558,3.17955 
36.72559,3.17960 
36.72560,3.17965 
36.72561,3.17970 
36.72561,3.17975 
36.72561,3.17979 
36.72562,3.17983 
36.72563,3.17988 
36.72564,3.17992 
36.72564,3.17996 
36.72564,3.18000 
36.72565,3.18004 
36.72566,3.18007 
36.72567,3.18011 
36.72567,3.18014 
36.72567,3.18017 
36.72567,3.18019 
36.72568,3.18021 
36.72568,3.18023 
36.72568,3.18025 
36.72568,3.18027 
36.72568,3.18031 
36.72568,3.18034 
36.72568,3.18037 
36.72568,3.18039 
36.72568,3.18041 
36.72568,3.18043 
36.72569,3.18045 
36.72570,3.18047 
36.72570,3.18050 
36.72570,3.18052 
36.72571,3.18054 
36.72571,3.18056 
36.72573,3.18057 
36.72573,3.18058 
36.72573,3.18058 
36.72573,3.18057 
36.72571,3.18056 
36.72571,3.18056 
36.72571,3.18055 
36.72571,3.18055 
36.72573,3.18056 
36.72573,3.18057 
36.72573,3.18057 
36.72573,3.18057 
36.72573,3.18056 
36.72573,3.18056 
36.72571,3.18055 
36.72571,3.18056 
36.72571,3.18056 
36.72570,3.18055 
36.72570,3.18054 
36.72570,3.18053 
36.72570,3.18053 
36.72570,3.18053 
36.72570,3.18053 
36.72570,3.18053 
36.72570,3.18052 
36.72570,3.18052 
36.72570,3.18052 
36.72570,3.18052 
36.72570,3.18052 
36.72570,3.18052 
36.72570,3.18052 
36.72570,3.18052 
36.72570,3.18052 
36.72570,3.18052 
36.72569,3.18053 
36.72569,3.18055 
36.72570,3.18058 
36.72570,3.18060 
36.72570,3.18064 
36.72570,3.18066 
36.72570,3.18069 
36.72570,3.18072 
36.72571,3.18074 
36.72571,3.18077 
36.72571,3.18079 
36.72571,3.18081 
36.72571,3.18083 
36.72571,3.18085 
36.72571,3.18088 
36.72571,3.18090 
36.72573,3.18093 
36.72573,3.18095 
36.72573,3.18097 
36.72573,3.18099 
36.72573,3.18100 
36.72574,3.18101 
36.72574,3.18102 
36.72574,3.18104 
36.72574,3.18105 
36.72574,3.18106 
36.72574,3.18107 
36.72574,3.18108 
36.72574,3.18108 
36.72574,3.18108 
36.72574,3.18108 
36.72574,3.18109 
36.72576,3.18110 
36.72576,3.18110 
36.72576,3.18111 
36.72576,3.18111 
36.72576,3.18111 
36.72576,3.18111 
36.72576,3.18111 
36.72576,3.18110 
36.72576,3.18110 
36.72576,3.18111 
36.72574,3.18111 
36.72574,3.18111 
36.72574,3.18110 
36.72574,3.18110 
36.72576,3.18111 
36.72576,3.18111 
36.72576,3.18111 
36.72576,3.18111 
36.72576,3.18110 
36.72576,3.18110 
36.72576,3.18111 
36.72576,3.18114 
36.72576,3.18117 
36.72578,3.18121 
36.72578,3.18124 
36.72578,3.18126 
36.72578,3.18129 
36.72578,3.18131 
36.72579,3.18135 
36.72579,3.18138 
36.72579,3.18140 
36.72580,3.18143 
36.72580,3.18145 
36.72581,3.18147 
36.72581,3.18148 
36.72582,3.18150 
36.72582,3.18151 
36.72583,3.18153 
36.72583,3.18153 
36.72583,3.18154 
36.72583,3.18155 
36.72583,3.18155 
36.72583,3.18155 
36.72583,3.18155 
36.72583,3.18155 
36.72583,3.18154 
36.72583,3.18154 
36.72583,3.18154 
36.72582,3.18154 
36.72582,3.18155 
36.72582,3.18155 
36.72583,3.18155 
36.72583,3.18157 
36.72583,3.18159 
36.72583,3.18160 
36.72583,3.18163 
36.72584,3.18165 
36.72583,3.18168 
36.72583,3.18170 
36.72584,3.18173 
36.72585,3.18175 
36.72585,3.18178 
36.72586,3.18181 
36.72587,3.18184 
36.72587,3.18186 
36.72587,3.18187 
36.72588,3.18188 
36.72589,3.18190 
36.72589,3.18191 
36.72589,3.18193 
36.72589,3.18194 
36.72589,3.18195 
36.72589,3.18196 
36.72590,3.18198 
36.72591,3.18201 
36.72591,3.18203 
36.72591,3.18204 
36.72591,3.18206 
36.72592,3.18208 
36.72592,3.18210 
36.72594,3.18213 
36.72594,3.18214 
36.72594,3.18217 
36.72595,3.18218 
36.72594,3.18219 
36.72594,3.18220 
36.72595,3.18220 
36.72595,3.18221 
36.72595,3.18221 
36.72595,3.18222 
36.72596,3.18223 
36.72596,3.18224 
36.72597,3.18224 
36.72597,3.18224 
36.72597,3.18224 
36.72597,3.18226 
36.72599,3.18227 
36.72599,3.18228 
36.72599,3.18229 
36.72599,3.18230 
36.72599,3.18230 
36.72599,3.18231 
36.72599,3.18231 
36.72599,3.18232 
36.72599,3.18232 
36.72597,3.18232 
36.72597,3.18232 
36.72596,3.18232 
36.72596,3.18233 
36.72596,3.18234 
36.72597,3.18236 
36.72596,3.18238 
36.72595,3.18241 
36.72595,3.18243 
36.72595,3.18245 
36.72595,3.18246 
36.72594,3.18247 
36.72595,3.18248 
36.72594,3.18249 
36.72594,3.18250 
36.72594,3.18250 
36.72594,3.18250 
36.72594,3.18251 
36.72594,3.18252 
36.72594,3.18254 
36.72594,3.18255 
36.72595,3.18256 
36.72595,3.18256 
36.72595,3.18256 
36.72594,3.18256 
36.72595,3.18257 
36.72594,3.18257 
36.72594,3.18258 
36.72594,3.18259 
36.72594,3.18260 
36.72594,3.18261 
36.72594,3.18263 
36.72594,3.18265 
36.72595,3.18267 
36.72595,3.18269 
36.72596,3.18271 
36.72597,3.18273 
36.72599,3.18275 
36.72599,3.18276 
36.72597,3.18276 
36.72599,3.18277 
36.72599,3.18277 
36.72599,3.18278 
36.72599,3.18280 
36.72599,3.18282 
36.72599,3.18283 
36.72600,3.18284 
36.72600,3.18285 
36.72599,3.18285 
36.72599,3.18285 
36.72599,3.18286 
36.72599,3.18287 
36.72600,3.18288 
36.72600,3.18290 
36.72600,3.18293 
36.72599,3.18294 
36.72600,3.18295 
36.72600,3.18296 
36.72600,3.18296 
36.72602,3.18297 
36.72602,3.18297 
36.72602,3.18297 
36.72602,3.18297 
36.72602,3.18298 
36.72602,3.18299 