36.70339,  3.10414
36.70336,  3.10417
36.70335,  3.10417
36.70335,  3.10417
36.70334,  3.10417
36.70334,  3.10417
36.70335,  3.10417
36.70334,  3.10417
36.70334,  3.10417
36.70334,  3.10417
36.70334,  3.10417
36.70334,  3.10417
36.70334,  3.10417
36.70334,  3.10417
36.70335,  3.10417
36.70335,  3.10417
36.70335,  3.10417
36.70335,  3.10416
36.70336,  3.10416
36.70335,  3.10416
36.70335,  3.10416
36.70336,  3.10416
36.70336,  3.10416
36.70336,  3.10416
36.70336,  3.10416
36.70336,  3.10416
36.70336,  3.10416
36.70336,  3.10416
36.70335,  3.10417
36.70334,  3.10417
36.70334,  3.10417
36.70335,  3.10417
36.70335,  3.10417
36.70335,  3.10417
36.70335,  3.10417
36.70335,  3.10417
36.70335,  3.10416
36.70335,  3.10416
36.70335,  3.10416
36.70335,  3.10416
36.70335,  3.10416
36.70334,  3.10416
36.70334,  3.10416
36.70334,  3.10416
36.70334,  3.10416
36.70334,  3.10416
36.70334,  3.10416
36.70334,  3.10416
36.70334,  3.10416
36.70334,  3.10416
36.70335,  3.10416
36.70335,  3.10416
36.70335,  3.10416
36.70335,  3.10416
36.70335,  3.10416
36.70335,  3.10416
36.70335,  3.10416
36.70335,  3.10416
36.70335,  3.10415
36.70335,  3.10415
36.70335,  3.10416
36.70335,  3.10416
36.70335,  3.10416
36.70335,  3.10416
36.70335,  3.10416
36.70335,  3.10416
36.70335,  3.10416
36.70335,  3.10416
36.70335,  3.10416
36.70335,  3.10416
36.70335,  3.10416
36.70335,  3.10416
36.70335,  3.10416
36.70335,  3.10416
36.70335,  3.10416
36.70334,  3.10416
36.70334,  3.10416
36.70334,  3.10416
36.70334,  3.10416
36.70334,  3.10416
36.70334,  3.10416
36.70334,  3.10416
36.70334,  3.10416
36.70334,  3.10416
36.70334,  3.10416
36.70334,  3.10416
36.70334,  3.10416
36.70334,  3.10416
36.70334,  3.10416
36.70335,  3.10416
36.70335,  3.10416
36.70335,  3.10417
36.70334,  3.10417
36.70334,  3.10417
36.70334,  3.10417
36.70334,  3.10417
36.70334,  3.10418
36.70334,  3.10418
36.70333,  3.10418
36.70333,  3.10419
36.70333,  3.10419
36.70333,  3.10419
36.70333,  3.10419
36.70333,  3.10419
36.70333,  3.10419
36.70334,  3.10419
36.70334,  3.10419
36.70334,  3.10419
36.70335,  3.10418
36.70335,  3.10418
36.70335,  3.10418
36.70335,  3.10418
36.70336,  3.10418
36.70336,  3.10418
36.70336,  3.10418
36.70336,  3.10418
36.70336,  3.10418
36.70336,  3.10418
36.70336,  3.10418
36.70336,  3.10418
36.70336,  3.10418
36.70336,  3.10418
36.70336,  3.10418
36.70336,  3.10418
36.70336,  3.10418
36.70336,  3.10418
36.70336,  3.10418
36.70336,  3.10418
36.70336,  3.10418
36.70336,  3.10418
36.70336,  3.10418
36.70335,  3.10418
36.70335,  3.10418
36.70335,  3.10418
36.70335,  3.10418
36.70335,  3.10418
36.70335,  3.10418
36.70335,  3.10418
36.70335,  3.10418
36.70335,  3.10418
36.70334,  3.10419
36.70335,  3.10419
36.70335,  3.10419
36.70334,  3.10419
36.70334,  3.10419
36.70334,  3.10419
36.70334,  3.10419
36.70334,  3.10419
36.70334,  3.10420
36.70333,  3.10420
36.70332,  3.10421
36.70332,  3.10421
36.70331,  3.10421
36.70331,  3.10421
36.70331,  3.10421
36.70331,  3.10421
36.70331,  3.10421
36.70332,  3.10421
36.70332,  3.10421
36.70331,  3.10422
36.70332,  3.10422
36.70332,  3.10422
36.70332,  3.10422
36.70332,  3.10422
36.70332,  3.10422
36.70332,  3.10422
36.70332,  3.10422
36.70332,  3.10422
36.70332,  3.10422
36.70332,  3.10422
36.70332,  3.10422
36.70332,  3.10422
36.70332,  3.10422
36.70332,  3.10421
36.70332,  3.10421
36.70332,  3.10421
36.70332,  3.10421
36.70332,  3.10421
36.70332,  3.10421
36.70331,  3.10421
36.70331,  3.10422
36.70331,  3.10422
36.70331,  3.10422
36.70331,  3.10422
36.70331,  3.10422
36.70331,  3.10422
36.70331,  3.10421
36.70331,  3.10422
36.70331,  3.10422
36.70331,  3.10422
36.70331,  3.10422
36.70331,  3.10422
36.70331,  3.10422
36.70331,  3.10422
36.70331,  3.10422
36.70331,  3.10421
36.70332,  3.10421
36.70331,  3.10421
36.70331,  3.10421
36.70331,  3.10421
36.70332,  3.10421
36.70332,  3.10421
36.70332,  3.10421
36.70332,  3.10421
36.70332,  3.10421
36.70332,  3.10421
36.70332,  3.10421
36.70332,  3.10422
36.70332,  3.10422
36.70332,  3.10422
36.70332,  3.10422
36.70332,  3.10422
36.70331,  3.10422
36.70331,  3.10422
36.70331,  3.10422
36.70331,  3.10422
36.70331,  3.10422
36.70331,  3.10422
36.70331,  3.10422
36.70331,  3.10422
36.70332,  3.10422
36.70332,  3.10422
36.70332,  3.10422
36.70332,  3.10422
36.70332,  3.10422
36.70332,  3.10422
36.70332,  3.10422
36.70332,  3.10422
36.70332,  3.10422
36.70332,  3.10422
36.70332,  3.10422
36.70332,  3.10422
36.70332,  3.10422
36.70331,  3.10422
36.70331,  3.10422
36.70331,  3.10422
36.70332,  3.10422
36.70332,  3.10422
36.70331,  3.10422
36.70331,  3.10422
36.70331,  3.10422
36.70331,  3.10422
36.70331,  3.10422
36.70331,  3.10422
36.70331,  3.10422
36.70331,  3.10422
36.70331,  3.10422
36.70330,  3.10423
36.70330,  3.10423
36.70330,  3.10423
36.70329,  3.10423
36.70329,  3.10423
36.70329,  3.10423
36.70328,  3.10423
36.70328,  3.10424
36.70328,  3.10424
36.70326,  3.10424
36.70326,  3.10425
36.70326,  3.10425
36.70326,  3.10425
36.70326,  3.10425
36.70326,  3.10425
36.70326,  3.10425
36.70326,  3.10425
36.70325,  3.10425
36.70325,  3.10425
36.70325,  3.10426
36.70325,  3.10426
36.70325,  3.10426
36.70325,  3.10426
36.70325,  3.10426
36.70325,  3.10426
36.70325,  3.10427
36.70325,  3.10427
36.70325,  3.10427
36.70325,  3.10427
36.70325,  3.10427
36.70325,  3.10427
36.70325,  3.10427
36.70325,  3.10427
36.70325,  3.10427
36.70325,  3.10427
36.70325,  3.10427
36.70325,  3.10427
36.70325,  3.10427
36.70325,  3.10427
36.70325,  3.10427
36.70325,  3.10427
36.70325,  3.10427
36.70325,  3.10427
36.70325,  3.10427
36.70325,  3.10427
36.70325,  3.10427
36.70325,  3.10427
36.70325,  3.10426
36.70325,  3.10427
36.70325,  3.10427
36.70325,  3.10427
36.70325,  3.10427
36.70325,  3.10427
36.70325,  3.10427
36.70325,  3.10427
36.70325,  3.10427
36.70325,  3.10427
36.70325,  3.10427
36.70325,  3.10427
36.70325,  3.10427
36.70325,  3.10427
36.70325,  3.10427
36.70325,  3.10427
36.70325,  3.10427
36.70325,  3.10427
36.70325,  3.10427
36.70325,  3.10426
36.70325,  3.10426
36.70325,  3.10426
36.70325,  3.10426
36.70325,  3.10426
36.70325,  3.10426
36.70325,  3.10426
36.70326,  3.10426
36.70326,  3.10426
36.70326,  3.10426
36.70326,  3.10426
36.70326,  3.10426
36.70326,  3.10426
36.70326,  3.10426
36.70326,  3.10427
36.70326,  3.10427
36.70326,  3.10427
36.70326,  3.10427
36.70326,  3.10427
36.70326,  3.10427
36.70326,  3.10427
36.70326,  3.10427
36.70326,  3.10427
36.70326,  3.10427
36.70326,  3.10427
36.70325,  3.10427
36.70325,  3.10428
36.70325,  3.10429
36.70325,  3.10429
36.70325,  3.10430
36.70325,  3.10430
36.70325,  3.10431
36.70323,  3.10432
36.70323,  3.10432
36.70323,  3.10432
36.70323,  3.10432
36.70323,  3.10432
36.70323,  3.10433
36.70323,  3.10433
36.70323,  3.10433
36.70323,  3.10433
36.70323,  3.10433
36.70323,  3.10433
36.70323,  3.10433
36.70323,  3.10433
36.70323,  3.10433
36.70323,  3.10433
36.70323,  3.10433
36.70323,  3.10434
36.70323,  3.10434
36.70323,  3.10435
36.70323,  3.10435
36.70322,  3.10436
36.70322,  3.10436
36.70322,  3.10437
36.70321,  3.10438
36.70320,  3.10440
36.70319,  3.10442
36.70317,  3.10445
36.70315,  3.10449
36.70314,  3.10452
36.70312,  3.10454
36.70310,  3.10456
36.70310,  3.10458
36.70309,  3.10459
36.70309,  3.10460
36.70308,  3.10461
36.70307,  3.10462
36.70306,  3.10464
36.70306,  3.10465
36.70305,  3.10466
36.70304,  3.10467
36.70302,  3.10470
36.70300,  3.10471
36.70299,  3.10472
36.70296,  3.10475
36.70293,  3.10477
36.70288,  3.10478
36.70284,  3.10477
36.70279,  3.10474
36.70274,  3.10470
36.70271,  3.10466
36.70267,  3.10462
36.70261,  3.10456
36.70256,  3.10450
36.70251,  3.10444
36.70244,  3.10438
36.70239,  3.10432
36.70232,  3.10425
36.70227,  3.10419
36.70221,  3.10412
36.70214,  3.10406
36.70208,  3.10399
36.70201,  3.10392
36.70195,  3.10386
36.70190,  3.10379
36.70183,  3.10371
36.70177,  3.10364
36.70170,  3.10357
36.70165,  3.10350
36.70158,  3.10343
36.70151,  3.10336
36.70145,  3.10329
36.70140,  3.10322
36.70133,  3.10315
36.70127,  3.10308
36.70120,  3.10301
36.70113,  3.10293
36.70107,  3.10286
36.70101,  3.10278
36.70095,  3.10271
36.70088,  3.10263
36.70082,  3.10255
36.70076,  3.10246
36.70068,  3.10238
36.70061,  3.10228
36.70054,  3.10219
36.70046,  3.10209
36.70039,  3.10200
36.70033,  3.10191
36.70026,  3.10181
36.70019,  3.10172
36.70012,  3.10162
36.70006,  3.10152
36.70001,  3.10142
36.69995,  3.10132
36.69990,  3.10123
36.69985,  3.10114
36.69981,  3.10106
36.69977,  3.10098
36.69974,  3.10090
36.69970,  3.10083
36.69968,  3.10077
36.69966,  3.10070
36.69965,  3.10063
36.69967,  3.10055
36.69968,  3.10049
36.69973,  3.10044
36.69977,  3.10039
36.69982,  3.10036
36.69987,  3.10033
36.69992,  3.10030
36.69998,  3.10028
36.70005,  3.10026
36.70012,  3.10023
36.70019,  3.10021
36.70027,  3.10017
36.70035,  3.10013
36.70042,  3.10009
36.70050,  3.10005
36.70058,  3.10001
36.70066,  3.09997
36.70073,  3.09992
36.70080,  3.09988
36.70088,  3.09983
36.70095,  3.09979
36.70102,  3.09974
36.70109,  3.09970
36.70116,  3.09966
36.70123,  3.09962
36.70130,  3.09958
36.70138,  3.09953
36.70145,  3.09949
36.70152,  3.09946
36.70159,  3.09942
36.70167,  3.09938
36.70174,  3.09935
36.70181,  3.09932
36.70188,  3.09929
36.70194,  3.09927
36.70199,  3.09925
36.70206,  3.09924
36.70211,  3.09922
36.70217,  3.09922
36.70222,  3.09922
36.70227,  3.09923
36.70230,  3.09924
36.70234,  3.09926
36.70239,  3.09928
36.70243,  3.09930
36.70246,  3.09932
36.70249,  3.09932
36.70252,  3.09931
36.70256,  3.09929
36.70258,  3.09925
36.70261,  3.09921
36.70264,  3.09917
36.70267,  3.09913
36.70271,  3.09910
36.70274,  3.09908
36.70281,  3.09906
36.70286,  3.09905
36.70293,  3.09904
36.70299,  3.09903
36.70306,  3.09903
36.70314,  3.09902
36.70322,  3.09902
36.70331,  3.09902
36.70340,  3.09901
36.70349,  3.09901
36.70358,  3.09901
36.70367,  3.09900
36.70375,  3.09900
36.70384,  3.09901
36.70394,  3.09901
36.70405,  3.09902
36.70414,  3.09904
36.70425,  3.09907
36.70437,  3.09910
36.70449,  3.09915
36.70462,  3.09919
36.70474,  3.09925
36.70486,  3.09931
36.70499,  3.09939
36.70511,  3.09947
36.70523,  3.09956
36.70537,  3.09966
36.70549,  3.09978
36.70561,  3.09991
36.70574,  3.10003
36.70586,  3.10017
36.70600,  3.10031
36.70614,  3.10044
36.70629,  3.10057
36.70643,  3.10069
36.70658,  3.10081
36.70675,  3.10093
36.70691,  3.10104
36.70708,  3.10114
36.70726,  3.10123
36.70743,  3.10131
36.70761,  3.10138
36.70779,  3.10143
36.70798,  3.10147
36.70817,  3.10150
36.70836,  3.10153
36.70855,  3.10153
36.70874,  3.10153
36.70894,  3.10152
36.70912,  3.10150
36.70932,  3.10146
36.70951,  3.10143
36.70971,  3.10139
36.70989,  3.10135
36.71010,  3.10131
36.71030,  3.10127
36.71049,  3.10124
36.71068,  3.10120
36.71088,  3.10116
36.71108,  3.10113
36.71128,  3.10109
36.71146,  3.10105
36.71165,  3.10102
36.71183,  3.10099
36.71202,  3.10096
36.71220,  3.10093
36.71239,  3.10091
36.71257,  3.10088
36.71275,  3.10086
36.71293,  3.10085
36.71311,  3.10084
36.71329,  3.10083
36.71348,  3.10084
36.71366,  3.10084
36.71385,  3.10085
36.71405,  3.10086
36.71424,  3.10087
36.71443,  3.10090
36.71463,  3.10094
36.71481,  3.10099
36.71500,  3.10104
36.71517,  3.10111
36.71534,  3.10117
36.71552,  3.10124
36.71569,  3.10131
36.71585,  3.10138
36.71601,  3.10145
36.71616,  3.10153
36.71631,  3.10162
36.71647,  3.10171
36.71663,  3.10181
36.71679,  3.10192
36.71694,  3.10203
36.71712,  3.10215
36.71728,  3.10227
36.71744,  3.10240
36.71761,  3.10253
36.71778,  3.10266
36.71796,  3.10280
36.71813,  3.10293
36.71831,  3.10306
36.71849,  3.10320
36.71866,  3.10335
36.71884,  3.10349
36.71903,  3.10364
36.71921,  3.10378
36.71939,  3.10393
36.71959,  3.10408
36.71978,  3.10424
36.71997,  3.10440
36.72017,  3.10456
36.72037,  3.10473
36.72057,  3.10489
36.72076,  3.10505
36.72095,  3.10522
36.72112,  3.10539
36.72130,  3.10555
36.72148,  3.10573
36.72166,  3.10590
36.72183,  3.10609
36.72201,  3.10628
36.72217,  3.10648
36.72233,  3.10668
36.72249,  3.10690
36.72264,  3.10711
36.72278,  3.10734
36.72293,  3.10757
36.72307,  3.10781
36.72320,  3.10805
36.72334,  3.10830
36.72346,  3.10855
36.72359,  3.10880
36.72370,  3.10905
36.72381,  3.10929
36.72393,  3.10953
36.72402,  3.10978
36.72413,  3.11003
36.72413,  3.11003
36.72413,  3.11003
36.72413,  3.11003
36.72413,  3.11003
36.72413,  3.11003
36.72413,  3.11003
36.72413,  3.11003
36.72413,  3.11003
36.72413,  3.11003
36.72413,  3.11003
36.72413,  3.11003
36.72413,  3.11003
36.72413,  3.11003
36.72413,  3.11003
36.72413,  3.11003
36.72413,  3.11003
36.72413,  3.11003
36.72413,  3.11003
36.72413,  3.11003
36.72413,  3.11003
36.72413,  3.11003
36.72413,  3.11003
36.72413,  3.11003
36.72413,  3.11003
36.72413,  3.11003
36.72413,  3.11003
36.72413,  3.11003
36.72413,  3.11003
36.72413,  3.11003
36.72413,  3.11003
36.72413,  3.11003
36.72413,  3.11003
36.72413,  3.11003
36.72413,  3.11003
36.72413,  3.11003
36.72413,  3.11003
36.72413,  3.11003
36.72413,  3.11003
36.72413,  3.11003
36.72413,  3.11003
36.72413,  3.11003
36.72413,  3.11003
36.72413,  3.11003
36.72413,  3.11003
36.72413,  3.11003
36.72413,  3.11003
36.72413,  3.11003
36.72413,  3.11003
36.72413,  3.11003
36.72413,  3.11003
36.72413,  3.11003
36.72413,  3.11003
36.72413,  3.11003
36.72413,  3.11003
36.72413,  3.11003
36.72413,  3.11003
36.72413,  3.11003
36.72413,  3.11003
36.73186,  3.11877
36.73201,  3.11886
36.73215,  3.11894
36.73230,  3.11905
36.73243,  3.11914
36.73258,  3.11921
36.73271,  3.11928
36.73285,  3.11933
36.73298,  3.11939
36.73313,  3.11946
36.73326,  3.11954
36.73340,  3.11962
36.73356,  3.11970
36.73371,  3.11979
36.73386,  3.11989
36.73402,  3.11998
36.73417,  3.12009
36.73432,  3.12020
36.73448,  3.12030
36.73463,  3.12040
36.73480,  3.12049
36.73496,  3.12059
36.73511,  3.12068
36.73527,  3.12077
36.73542,  3.12086
36.73558,  3.12095
36.73573,  3.12104
36.73588,  3.12112
36.73603,  3.12122
36.73617,  3.12132
36.73631,  3.12140
36.73645,  3.12149
36.73659,  3.12156
36.73670,  3.12164
36.73682,  3.12170
36.73693,  3.12176
36.73704,  3.12182
36.73715,  3.12188
36.73726,  3.12194
36.73735,  3.12200
36.73744,  3.12205
36.73754,  3.12209
36.73762,  3.12214
36.73767,  3.12218
36.73773,  3.12222
36.73778,  3.12227
36.73783,  3.12231
36.73788,  3.12235
36.73792,  3.12239
36.73796,  3.12242
36.73800,  3.12245
36.73804,  3.12248
36.73807,  3.12252
36.73810,  3.12255
36.73814,  3.12258
36.73816,  3.12261
36.73818,  3.12264
36.73821,  3.12267
36.73823,  3.12269
36.73824,  3.12271
36.73827,  3.12273
36.73828,  3.12275
36.73830,  3.12277
36.73832,  3.12279
36.73833,  3.12281
36.73835,  3.12284
36.73836,  3.12286
36.73838,  3.12288
36.73840,  3.12290
36.73841,  3.12292
36.73842,  3.12293
36.73844,  3.12295
36.73845,  3.12296
36.73846,  3.12298
36.73847,  3.12299
36.73849,  3.12301
36.73850,  3.12303
36.73851,  3.12305
36.73852,  3.12307
36.73853,  3.12309
36.73854,  3.12311
36.73855,  3.12313
36.73856,  3.12315
36.73857,  3.12317
36.73859,  3.12318
36.73859,  3.12320
36.73861,  3.12322
36.73862,  3.12324
36.73863,  3.12327
36.73865,  3.12329
36.73866,  3.12331
36.73868,  3.12333
36.73868,  3.12336
36.73871,  3.12339
36.73871,  3.12342
36.73873,  3.12345
36.73873,  3.12348
36.73875,  3.12351
36.73876,  3.12353
36.73878,  3.12356
36.73878,  3.12359
36.73880,  3.12362
36.73880,  3.12364
36.73880,  3.12367
36.73880,  3.12369
36.73882,  3.12372
36.73883,  3.12376
36.73885,  3.12380
36.73886,  3.12384
36.73888,  3.12388
36.73889,  3.12392
36.73891,  3.12395
36.73892,  3.12399
36.73894,  3.12403
36.73894,  3.12408
36.73896,  3.12412
36.73897,  3.12416
36.73898,  3.12419
36.73899,  3.12423
36.73901,  3.12426
36.73901,  3.12429
36.73901,  3.12432
36.73903,  3.12435
36.73903,  3.12438
36.73903,  3.12441
36.73904,  3.12445
36.73906,  3.12448
36.73906,  3.12450
36.73906,  3.12453
36.73906,  3.12456
36.73906,  3.12459
36.73906,  3.12462
36.73907,  3.12467
36.73908,  3.12471
36.73909,  3.12475
36.73910,  3.12480
36.73910,  3.12485
36.73910,  3.12489
36.73911,  3.12493
36.73911,  3.12497
36.73912,  3.12501
36.73912,  3.12504
36.73912,  3.12509
36.73912,  3.12513
36.73913,  3.12518
36.73913,  3.12523
36.73914,  3.12527
36.73915,  3.12531
36.73915,  3.12535
36.73915,  3.12539
36.73915,  3.12542
36.73915,  3.12546
36.73916,  3.12549
36.73916,  3.12553
36.73917,  3.12556
36.73917,  3.12560
36.73917,  3.12563
36.73918,  3.12567
36.73918,  3.12570
36.73918,  3.12573
36.73918,  3.12577
36.73919,  3.12581
36.73920,  3.12584
36.73920,  3.12588
36.73920,  3.12591
36.73920,  3.12595
36.73920,  3.12598
36.73921,  3.12601
36.73921,  3.12605
36.73921,  3.12608
36.73921,  3.12612
36.73921,  3.12617
36.73921,  3.12621
36.73921,  3.12625
36.73921,  3.12629
36.73921,  3.12634
36.73921,  3.12639
36.73921,  3.12644
36.73921,  3.12648
36.73921,  3.12652
36.73921,  3.12658
36.73921,  3.12663
36.73920,  3.12669
36.73920,  3.12675
36.73919,  3.12680
36.73918,  3.12686
36.73918,  3.12692
36.73918,  3.12699
36.73917,  3.12705
36.73917,  3.12711
36.73916,  3.12717
36.73915,  3.12723
36.73915,  3.12728
36.73913,  3.12733
36.73913,  3.12737
36.73912,  3.12742
36.73911,  3.12746
36.73910,  3.12750
36.73910,  3.12755
36.73908,  3.12759
36.73907,  3.12763
36.73906,  3.12767
36.73905,  3.12772
36.73904,  3.12777
36.73903,  3.12782
36.73901,  3.12788
36.73899,  3.12793
36.73897,  3.12800
36.73896,  3.12806
36.73894,  3.12812
36.73893,  3.12819
36.73891,  3.12826
36.73889,  3.12834
36.73888,  3.12841
36.73886,  3.12849
36.73884,  3.12856
36.73881,  3.12864
36.73880,  3.12872
36.73878,  3.12879
36.73876,  3.12886
36.73875,  3.12892
36.73873,  3.12899
36.73871,  3.12906
36.73869,  3.12914
36.73867,  3.12924
36.73865,  3.12934
36.73862,  3.12944
36.73859,  3.12955
36.73857,  3.12966
36.73854,  3.12977
36.73852,  3.12989
36.73849,  3.13001
36.73845,  3.13013
36.73842,  3.13026
36.73838,  3.13038
36.73836,  3.13051
36.73833,  3.13064
36.73830,  3.13077
36.73827,  3.13090
36.73824,  3.13102
36.73821,  3.13115
36.73818,  3.13127
36.73815,  3.13138
36.73812,  3.13148
36.73810,  3.13158
36.73808,  3.13168
36.73806,  3.13177
36.73804,  3.13186
36.73802,  3.13195
36.73800,  3.13204
36.73796,  3.13214
36.73794,  3.13223
36.73792,  3.13233
36.73789,  3.13242
36.73788,  3.13250
36.73786,  3.13257
36.73785,  3.13263
36.73783,  3.13268
36.73782,  3.13272
36.73781,  3.13275
36.73781,  3.13278
36.73780,  3.13280
36.73779,  3.13281
36.73779,  3.13282
36.73779,  3.13283
36.73779,  3.13284
36.73779,  3.13285
36.73779,  3.13285
36.73779,  3.13286
36.73779,  3.13287
36.73778,  3.13288
36.73778,  3.13289
36.73778,  3.13290
36.73777,  3.13292
36.73777,  3.13294
36.73777,  3.13295
36.73777,  3.13297
36.73776,  3.13299
36.73776,  3.13300
36.73775,  3.13301
36.73775,  3.13302
36.73775,  3.13303
36.73775,  3.13305
36.73775,  3.13306
36.73773,  3.13308
36.73773,  3.13311
36.73773,  3.13313
36.73773,  3.13316
36.73772,  3.13318
36.73772,  3.13321
36.73772,  3.13322
36.73770,  3.13323
36.73770,  3.13325
36.73770,  3.13327
36.73770,  3.13329
36.73770,  3.13331
36.73769,  3.13334
36.73769,  3.13336
36.73768,  3.13338
36.73768,  3.13340
36.73767,  3.13342
36.73767,  3.13344
36.73767,  3.13346
36.73767,  3.13348
36.73766,  3.13350
36.73766,  3.13353
36.73765,  3.13356
36.73764,  3.13359
36.73764,  3.13362
36.73764,  3.13365
36.73764,  3.13367
36.73763,  3.13370
36.73763,  3.13373
36.73762,  3.13376
36.73762,  3.13378
36.73761,  3.13380
36.73761,  3.13382
36.73760,  3.13382
36.73760,  3.13383
36.73760,  3.13383
36.73760,  3.13383
36.73760,  3.13382
36.73760,  3.13382
36.73760,  3.13383
36.73760,  3.13382
36.73760,  3.13382
36.73760,  3.13382
36.73760,  3.13382
36.73760,  3.13382
36.73760,  3.13382
36.73760,  3.13382
36.73760,  3.13382
36.73760,  3.13382
36.73760,  3.13382
36.73760,  3.13384
36.73760,  3.13385
36.73760,  3.13386
36.73759,  3.13387
36.73759,  3.13389
36.73758,  3.13391
36.73758,  3.13394
36.73758,  3.13396
36.73756,  3.13400
36.73756,  3.13403
36.73756,  3.13405
36.73756,  3.13407
36.73755,  3.13410
36.73754,  3.13412
36.73754,  3.13414
36.73753,  3.13417
36.73752,  3.13420
36.73752,  3.13423
36.73751,  3.13426
36.73751,  3.13429
36.73750,  3.13432
36.73749,  3.13435
36.73749,  3.13438
36.73748,  3.13440
36.73748,  3.13442
36.73748,  3.13444
36.73747,  3.13446
36.73747,  3.13448
36.73747,  3.13451
36.73746,  3.13453
36.73746,  3.13456
36.73744,  3.13458
36.73744,  3.13461
36.73744,  3.13463
36.73743,  3.13465
36.73743,  3.13468
36.73743,  3.13472
36.73741,  3.13475
36.73741,  3.13479
36.73740,  3.13483
36.73738,  3.13487
36.73738,  3.13491
36.73737,  3.13495
36.73735,  3.13499
36.73735,  3.13503
36.73734,  3.13506
36.73733,  3.13510
36.73732,  3.13514
36.73731,  3.13517
36.73731,  3.13521
36.73730,  3.13524
36.73729,  3.13526
36.73729,  3.13529
36.73728,  3.13531
36.73728,  3.13533
36.73727,  3.13534
36.73727,  3.13535
36.73727,  3.13535
36.73727,  3.13536
36.73727,  3.13537
36.73727,  3.13537
36.73727,  3.13537
36.73727,  3.13537
36.73727,  3.13537
36.73727,  3.13538
36.73727,  3.13539
36.73726,  3.13541
36.73725,  3.13543
36.73725,  3.13546
36.73724,  3.13549
36.73723,  3.13552
36.73723,  3.13555
36.73722,  3.13559
36.73722,  3.13562
36.73721,  3.13566
36.73720,  3.13569
36.73718,  3.13573
36.73718,  3.13575
36.73718,  3.13578
36.73718,  3.13581
36.73717,  3.13583
36.73716,  3.13585
36.73715,  3.13588
36.73715,  3.13590
36.73715,  3.13592
36.73714,  3.13594
36.73714,  3.13596
36.73714,  3.13599
36.73712,  3.13601
36.73712,  3.13604
36.73712,  3.13606
36.73712,  3.13608
36.73712,  3.13609
36.73712,  3.13611
36.73711,  3.13615
36.73711,  3.13618
36.73709,  3.13620
36.73709,  3.13622
36.73707,  3.13622
36.73707,  3.13622
36.73707,  3.13622
36.73706,  3.13625
36.73706,  3.13626
36.73706,  3.13627
36.73706,  3.13627
36.73706,  3.13626
36.73706,  3.13628
36.73707,  3.13625
36.73708,  3.13625
36.73708,  3.13625
36.73708,  3.13625
36.73708,  3.13625
36.73707,  3.13627
36.73707,  3.13630
36.73705,  3.13635
36.73704,  3.13636
36.73704,  3.13638
36.73703,  3.13640
36.73703,  3.13642
36.73703,  3.13646
36.73702,  3.13649
36.73704,  3.13642
36.73706,  3.13640
36.73706,  3.13639
36.73706,  3.13640
36.73706,  3.13641
36.73706,  3.13642
36.73704,  3.13644
36.73703,  3.13647
36.73701,  3.13649
36.73701,  3.13653
36.73700,  3.13657
36.73699,  3.13662
36.73697,  3.13668
36.73696,  3.13674
36.73694,  3.13681
36.73693,  3.13688
36.73691,  3.13695
36.73689,  3.13703
36.73688,  3.13712
36.73685,  3.13721
36.73683,  3.13731
36.73682,  3.13740
36.73679,  3.13749
36.73676,  3.13758
36.73674,  3.13767
36.73673,  3.13776
36.73672,  3.13782
36.73670,  3.13787
36.73669,  3.13794
36.73667,  3.13799
36.73668,  3.13802
36.73666,  3.13809
36.73663,  3.13816
36.73662,  3.13824
36.73661,  3.13832
36.73659,  3.13840
36.73655,  3.13849
36.73652,  3.13858
36.73651,  3.13868
36.73649,  3.13877
36.73646,  3.13887
36.73645,  3.13897
36.73643,  3.13905
36.73641,  3.13914
36.73638,  3.13923
36.73636,  3.13932
36.73634,  3.13941
36.73631,  3.13950
36.73629,  3.13960
36.73627,  3.13970
36.73624,  3.13980
36.73622,  3.13990
36.73620,  3.14002
36.73617,  3.14012
36.73615,  3.14021
36.73613,  3.14030
36.73611,  3.14037
36.73609,  3.14045
36.73608,  3.14052
36.73606,  3.14059
36.73604,  3.14066
36.73603,  3.14072
36.73602,  3.14077
36.73601,  3.14082
36.73600,  3.14086
36.73600,  3.14090
36.73599,  3.14093
36.73598,  3.14094
36.73598,  3.14096
36.73598,  3.14098
36.73598,  3.14098
36.73597,  3.14099
36.73597,  3.14099
36.73598,  3.14099
36.73597,  3.14099
36.73597,  3.14099
36.73598,  3.14099
36.73597,  3.14099
36.73597,  3.14100
36.73596,  3.14101
36.73596,  3.14102
36.73596,  3.14103
36.73596,  3.14105
36.73596,  3.14107
36.73595,  3.14108
36.73594,  3.14111
36.73594,  3.14113
36.73594,  3.14117
36.73593,  3.14120
36.73592,  3.14123
36.73591,  3.14126
36.73590,  3.14129
36.73590,  3.14132
36.73589,  3.14136
36.73588,  3.14141
36.73587,  3.14147
36.73585,  3.14154
36.73583,  3.14160
36.73582,  3.14167
36.73580,  3.14173
36.73579,  3.14179
36.73577,  3.14184
36.73576,  3.14190
36.73575,  3.14195
36.73574,  3.14201
36.73573,  3.14205
36.73573,  3.14210
36.73571,  3.14214
36.73567,  3.14216
36.73564,  3.14217
36.73564,  3.14218
36.73565,  3.14220
36.73564,  3.14226
36.73565,  3.14232
36.73564,  3.14235
36.73564,  3.14238
36.73563,  3.14242
36.73562,  3.14246
36.73560,  3.14250
36.73558,  3.14256
36.73556,  3.14264
36.73554,  3.14272
36.73552,  3.14280
36.73549,  3.14288
36.73548,  3.14297
36.73545,  3.14306
36.73542,  3.14317
36.73539,  3.14327
36.73537,  3.14338
36.73533,  3.14349
36.73529,  3.14361
36.73525,  3.14374
36.73523,  3.14387
36.73519,  3.14400
36.73515,  3.14414
36.73511,  3.14428
36.73507,  3.14443
36.73503,  3.14458
36.73499,  3.14473
36.73496,  3.14487
36.73491,  3.14501
36.73487,  3.14514
36.73484,  3.14526
36.73481,  3.14537
36.73478,  3.14547
36.73476,  3.14556
36.73473,  3.14563
36.73471,  3.14570
36.73470,  3.14576
36.73466,  3.14582
36.73465,  3.14588
36.73463,  3.14592
36.73462,  3.14598
36.73461,  3.14603
36.73458,  3.14608
36.73457,  3.14614
36.73455,  3.14619
36.73453,  3.14625
36.73451,  3.14631
36.73449,  3.14637
36.73446,  3.14644
36.73443,  3.14651
36.73442,  3.14659
36.73439,  3.14665
36.73436,  3.14672
36.73434,  3.14679
36.73431,  3.14686
36.73428,  3.14694
36.73425,  3.14702
36.73422,  3.14711
36.73418,  3.14720
36.73414,  3.14729
36.73411,  3.14739
36.73406,  3.14749
36.73402,  3.14759
36.73398,  3.14770
36.73393,  3.14781
36.73388,  3.14791
36.73384,  3.14801
36.73380,  3.14810
36.73376,  3.14819
36.73373,  3.14828
36.73369,  3.14836
36.73363,  3.14845
36.73360,  3.14854
36.73355,  3.14864
36.73349,  3.14874
36.73342,  3.14885
36.73336,  3.14895
36.73327,  3.14905
36.73319,  3.14915
36.73310,  3.14924
36.73300,  3.14933
36.73291,  3.14940
36.73281,  3.14948
36.73268,  3.14955
36.73256,  3.14962
36.73243,  3.14969
36.73230,  3.14975
36.73217,  3.14980
36.73206,  3.14985
36.73194,  3.14990
36.73184,  3.14995
36.73173,  3.15001
36.73163,  3.15008
36.73155,  3.15016
36.73149,  3.15027
36.73142,  3.15039
36.73138,  3.15051
36.73135,  3.15065
36.73134,  3.15077
36.73134,  3.15089
36.73134,  3.15099
36.73136,  3.15110
36.73138,  3.15119
36.73138,  3.15127
36.73139,  3.15132
36.73141,  3.15136
36.73141,  3.15139
36.73141,  3.15141
36.73141,  3.15142
36.73142,  3.15144
36.73142,  3.15146
36.73142,  3.15149
36.73143,  3.15152
36.73144,  3.15156
36.73146,  3.15160
36.73146,  3.15165
36.73147,  3.15171
36.73147,  3.15176
36.73147,  3.15181
36.73147,  3.15186
36.73147,  3.15190
36.73147,  3.15194
36.73147,  3.15198
36.73146,  3.15201
36.73147,  3.15206
36.73146,  3.15211
36.73146,  3.15216
36.73146,  3.15220
36.73146,  3.15225
36.73144,  3.15229
36.73143,  3.15233
36.73142,  3.15237
36.73141,  3.15241
36.73140,  3.15245
36.73139,  3.15249
36.73138,  3.15253
36.73136,  3.15256
36.73135,  3.15260
36.73134,  3.15264
36.73133,  3.15267
36.73131,  3.15271
36.73130,  3.15274
36.73129,  3.15277
36.73128,  3.15280
36.73127,  3.15283
36.73125,  3.15286
36.73124,  3.15289
36.73122,  3.15293
36.73121,  3.15296
36.73118,  3.15300
36.73117,  3.15304
36.73116,  3.15307
36.73114,  3.15312
36.73112,  3.15316
36.73109,  3.15322
36.73107,  3.15328
36.73104,  3.15333
36.73101,  3.15339
36.73098,  3.15345
36.73095,  3.15351
36.73092,  3.15357
36.73089,  3.15363
36.73086,  3.15368
36.73083,  3.15373
36.73081,  3.15378
36.73079,  3.15383
36.73076,  3.15388
36.73073,  3.15394
36.73071,  3.15400
36.73069,  3.15405
36.73066,  3.15409
36.73064,  3.15413
36.73063,  3.15417
36.73060,  3.15422
36.73057,  3.15427
36.73054,  3.15432
36.73052,  3.15437
36.73049,  3.15443
36.73047,  3.15449
36.73044,  3.15455
36.73040,  3.15462
36.73036,  3.15469
36.73032,  3.15477
36.73029,  3.15483
36.73025,  3.15490
36.73022,  3.15496
36.73019,  3.15501
36.73016,  3.15507
36.73013,  3.15513
36.73010,  3.15519
36.73007,  3.15526
36.73004,  3.15532
36.73001,  3.15538
36.72997,  3.15545
36.72994,  3.15554
36.72990,  3.15562
36.72986,  3.15571
36.72983,  3.15580
36.72980,  3.15588
36.72975,  3.15597
36.72971,  3.15605
36.72968,  3.15614
36.72965,  3.15623
36.72961,  3.15632
36.72957,  3.15641
36.72953,  3.15651
36.72949,  3.15660
36.72946,  3.15667
36.72946,  3.15667
36.72946,  3.15667
36.72934,  3.15690
36.72929,  3.15698
36.72926,  3.15706
36.72921,  3.15711
36.72919,  3.15721
36.72919,  3.15731
36.72918,  3.15744
36.72914,  3.15753
36.72910,  3.15762
36.72908,  3.15770
36.72903,  3.15779
36.72900,  3.15789
36.72897,  3.15798
36.72894,  3.15809
36.72890,  3.15819
36.72887,  3.15828
36.72883,  3.15838
36.72881,  3.15846
36.72879,  3.15853
36.72877,  3.15860
36.72874,  3.15867
36.72872,  3.15873
36.72871,  3.15879
36.72869,  3.15885
36.72867,  3.15892
36.72865,  3.15900
36.72863,  3.15909
36.72861,  3.15919
36.72858,  3.15929
36.72854,  3.15940
36.72851,  3.15951
36.72847,  3.15963
36.72843,  3.15975
36.72840,  3.15988
36.72837,  3.16001
36.72833,  3.16014
36.72829,  3.16028
36.72826,  3.16042
36.72822,  3.16056
36.72817,  3.16070
36.72811,  3.16083
36.72805,  3.16095
36.72797,  3.16108
36.72789,  3.16119
36.72780,  3.16128
36.72771,  3.16137
36.72761,  3.16143
36.72752,  3.16150
36.72742,  3.16157
36.72732,  3.16162
36.72722,  3.16166
36.72713,  3.16170
36.72705,  3.16172
36.72697,  3.16174
36.72689,  3.16175
36.72682,  3.16175
36.72676,  3.16175
36.72670,  3.16175
36.72666,  3.16175
36.72662,  3.16175
36.72659,  3.16175
36.72656,  3.16175
36.72651,  3.16175
36.72646,  3.16175
36.72640,  3.16175
36.72634,  3.16175
36.72629,  3.16175
36.72622,  3.16175
36.72616,  3.16175
36.72610,  3.16175
36.72602,  3.16175
36.72596,  3.16175
36.72589,  3.16175
36.72582,  3.16175
36.72576,  3.16174
36.72568,  3.16174
36.72562,  3.16174
36.72557,  3.16174
36.72552,  3.16174
36.72545,  3.16174
36.72539,  3.16174
36.72534,  3.16173
36.72528,  3.16174
36.72522,  3.16174
36.72517,  3.16173
36.72512,  3.16174
36.72508,  3.16174
36.72503,  3.16174
36.72497,  3.16173
36.72491,  3.16173
36.72485,  3.16174
36.72479,  3.16174
36.72473,  3.16174
36.72468,  3.16173
36.72464,  3.16173
36.72459,  3.16173
36.72455,  3.16173
36.72451,  3.16173
36.72447,  3.16173
36.72442,  3.16173
36.72438,  3.16173
36.72434,  3.16173
36.72430,  3.16173
36.72426,  3.16173
36.72423,  3.16173
36.72419,  3.16173
36.72415,  3.16172
36.72412,  3.16172
36.72410,  3.16171
36.72407,  3.16170
36.72404,  3.16168
36.72400,  3.16166
36.72397,  3.16164
36.72394,  3.16163
36.72390,  3.16163
36.72387,  3.16165
36.72384,  3.16167
36.72381,  3.16171
36.72379,  3.16176
36.72378,  3.16183
36.72378,  3.16190
36.72378,  3.16198
36.72379,  3.16206
36.72380,  3.16215
36.72381,  3.16225
36.72381,  3.16235
36.72383,  3.16244
36.72384,  3.16253
36.72385,  3.16262
36.72386,  3.16272
36.72387,  3.16281
36.72388,  3.16291
36.72389,  3.16302
36.72390,  3.16313
36.72392,  3.16324
36.72393,  3.16336
36.72394,  3.16348
36.72396,  3.16360
36.72398,  3.16372
36.72399,  3.16384
36.72400,  3.16397
36.72402,  3.16410
36.72402,  3.16423
36.72404,  3.16436
36.72406,  3.16450
36.72406,  3.16464
36.72407,  3.16478
36.72409,  3.16493
36.72410,  3.16508
36.72412,  3.16522
36.72413,  3.16537
36.72413,  3.16552
36.72415,  3.16566
36.72416,  3.16580
36.72417,  3.16594
36.72419,  3.16608
36.72421,  3.16623
36.72423,  3.16636
36.72424,  3.16650
36.72425,  3.16663
36.72426,  3.16676
36.72428,  3.16690
36.72429,  3.16704
36.72431,  3.16719
36.72431,  3.16733
36.72434,  3.16748
36.72436,  3.16762
36.72438,  3.16777
36.72439,  3.16791
36.72440,  3.16805
36.72442,  3.16819
36.72444,  3.16832
36.72446,  3.16844
36.72446,  3.16857
36.72447,  3.16868
36.72449,  3.16879
36.72449,  3.16889
36.72450,  3.16898
36.72451,  3.16907
36.72452,  3.16915
36.72452,  3.16922
36.72452,  3.16927
36.72452,  3.16931
36.72452,  3.16933
36.72452,  3.16934
36.72452,  3.16934
36.72452,  3.16934
36.72452,  3.16934
36.72452,  3.16934
36.72452,  3.16934
36.72452,  3.16934
36.72452,  3.16934
36.72452,  3.16934
36.72452,  3.16935
36.72452,  3.16935
36.72452,  3.16935
36.72452,  3.16935
36.72451,  3.16935
36.72451,  3.16935
36.72451,  3.16936
36.72451,  3.16936
36.72452,  3.16936
36.72452,  3.16936
36.72452,  3.16936
36.72452,  3.16937
36.72452,  3.16937
36.72452,  3.16937
36.72452,  3.16937
36.72452,  3.16937
36.72452,  3.16938
36.72452,  3.16939
36.72452,  3.16942
36.72452,  3.16945
36.72452,  3.16951
36.72452,  3.16958
36.72453,  3.16964
36.72454,  3.16971
36.72455,  3.16979
36.72456,  3.16988
36.72457,  3.16998
36.72457,  3.17010
36.72458,  3.17021
36.72459,  3.17032
36.72461,  3.17044
36.72461,  3.17057
36.72463,  3.17070
36.72464,  3.17082
36.72465,  3.17094
36.72467,  3.17106
36.72468,  3.17116
36.72470,  3.17127
36.72471,  3.17137
36.72472,  3.17148
36.72473,  3.17159
36.72475,  3.17170
36.72476,  3.17181
36.72477,  3.17193
36.72478,  3.17205
36.72481,  3.17218
36.72482,  3.17231
36.72484,  3.17244
36.72485,  3.17257
36.72487,  3.17270
36.72488,  3.17283
36.72490,  3.17295
36.72491,  3.17307
36.72492,  3.17320
36.72493,  3.17332
36.72494,  3.17345
36.72496,  3.17358
36.72497,  3.17370
36.72499,  3.17383
36.72500,  3.17395
36.72501,  3.17407
36.72502,  3.17420
36.72505,  3.17432
36.72506,  3.17444
36.72508,  3.17456
36.72509,  3.17469
36.72510,  3.17481
36.72511,  3.17494
36.72513,  3.17507
36.72513,  3.17520
36.72514,  3.17534
36.72516,  3.17548
36.72517,  3.17562
36.72518,  3.17576
36.72519,  3.17591
36.72522,  3.17607
36.72522,  3.17623
36.72526,  3.17640
36.72527,  3.17656
36.72527,  3.17656
36.72527,  3.17656
36.72528,  3.17697
36.72530,  3.17734
36.72534,  3.17761
36.72537,  3.17768
36.72542,  3.17778
36.72543,  3.17785
36.72544,  3.17790
36.72545,  3.17795
36.72545,  3.17799
36.72545,  3.17803
36.72547,  3.17807
36.72547,  3.17811
36.72547,  3.17814
36.72547,  3.17817
36.72547,  3.17821
36.72548,  3.17825
36.72548,  3.17829
36.72549,  3.17834
36.72549,  3.17838
36.72549,  3.17842
36.72550,  3.17845
36.72550,  3.17849
36.72550,  3.17853
36.72550,  3.17857
36.72551,  3.17861
36.72551,  3.17865
36.72552,  3.17869
36.72552,  3.17872
36.72552,  3.17876
36.72552,  3.17879
36.72552,  3.17882
36.72552,  3.17885
36.72553,  3.17888
36.72553,  3.17891
36.72553,  3.17894
36.72554,  3.17897
36.72555,  3.17900
36.72555,  3.17903
36.72555,  3.17905
36.72555,  3.17908
36.72555,  3.17910
36.72556,  3.17912
36.72557,  3.17914
36.72557,  3.17916
36.72557,  3.17916
36.72557,  3.17917
36.72557,  3.17917
36.72557,  3.17917
36.72557,  3.17918
36.72557,  3.17918
36.72557,  3.17918
36.72557,  3.17919
36.72557,  3.17919
36.72557,  3.17919
36.72557,  3.17919
36.72557,  3.17919
36.72557,  3.17919
36.72557,  3.17919
36.72557,  3.17919
36.72557,  3.17919
36.72557,  3.17919
36.72557,  3.17919
36.72557,  3.17919
36.72557,  3.17919
36.72557,  3.17919
36.72557,  3.17919
36.72557,  3.17919
36.72557,  3.17920
36.72557,  3.17920
36.72557,  3.17920
36.72556,  3.17920
36.72556,  3.17920
36.72556,  3.17922
36.72557,  3.17925
36.72557,  3.17928
36.72557,  3.17933
36.72558,  3.17937
36.72558,  3.17943
36.72558,  3.17948
36.72560,  3.17953
36.72560,  3.17956
36.72561,  3.17959
36.72561,  3.17962
36.72561,  3.17964
36.72562,  3.17968
36.72562,  3.17971
36.72562,  3.17974
36.72563,  3.17977
36.72563,  3.17979
36.72564,  3.17982
36.72564,  3.17984
36.72564,  3.17986
36.72564,  3.17987
36.72564,  3.17987
36.72564,  3.17987
36.72564,  3.17987
36.72564,  3.17987
36.72564,  3.17987
36.72564,  3.17987
36.72563,  3.17987
36.72564,  3.17987
36.72564,  3.17987
36.72563,  3.17988
36.72563,  3.17988
36.72563,  3.17988
36.72563,  3.17988
36.72563,  3.17988
36.72563,  3.17988
36.72563,  3.17988
36.72563,  3.17988
36.72563,  3.17988
36.72563,  3.17988
36.72563,  3.17989
36.72563,  3.17989
36.72563,  3.17989
36.72563,  3.17989
36.72562,  3.17989
36.72562,  3.17989
36.72563,  3.17989
36.72563,  3.17989
36.72563,  3.17990
36.72563,  3.17990
36.72563,  3.17990
36.72564,  3.17990
36.72564,  3.17990
36.72564,  3.17991
36.72564,  3.17993
36.72564,  3.17996
36.72564,  3.17999
36.72565,  3.18004
36.72565,  3.18009
36.72566,  3.18014
36.72566,  3.18019
36.72567,  3.18024
36.72567,  3.18029
36.72568,  3.18034
36.72568,  3.18038
36.72569,  3.18043
36.72570,  3.18047
36.72570,  3.18052
36.72571,  3.18057
36.72571,  3.18061
36.72573,  3.18065
36.72573,  3.18068
36.72573,  3.18071
36.72573,  3.18073
36.72573,  3.18076
36.72573,  3.18078
36.72573,  3.18080
36.72573,  3.18083
36.72573,  3.18085
36.72574,  3.18087
36.72574,  3.18089
36.72574,  3.18093
36.72574,  3.18097
36.72574,  3.18101
36.72574,  3.18104
36.72574,  3.18108
36.72574,  3.18112
36.72576,  3.18115
36.72576,  3.18118
36.72576,  3.18121
36.72576,  3.18124
36.72576,  3.18128
36.72576,  3.18132
36.72576,  3.18135
36.72577,  3.18138
36.72577,  3.18140
36.72577,  3.18142
36.72578,  3.18145
36.72578,  3.18148
36.72578,  3.18152
36.72578,  3.18154
36.72578,  3.18159
36.72579,  3.18164
36.72579,  3.18169
36.72579,  3.18174
36.72580,  3.18180
36.72581,  3.18185
36.72582,  3.18191
36.72583,  3.18196
36.72583,  3.18200
36.72585,  3.18203
36.72585,  3.18206
36.72585,  3.18209
36.72585,  3.18212
36.72585,  3.18214
36.72585,  3.18216
36.72587,  3.18218
36.72587,  3.18221
36.72587,  3.18225
36.72587,  3.18228
36.72588,  3.18231
36.72588,  3.18235
36.72588,  3.18238
36.72589,  3.18241
36.72590,  3.18244
36.72591,  3.18246
36.72591,  3.18246
36.72589,  3.18248
36.72589,  3.18251
36.72589,  3.18254
36.72589,  3.18257
36.72589,  3.18260
36.72589,  3.18263
36.72589,  3.18266
36.72589,  3.18268
36.72590,  3.18272
36.72590,  3.18275
36.72590,  3.18278
36.72591,  3.18282
36.72591,  3.18285
36.72591,  3.18288
36.72591,  3.18290
36.72592,  3.18293
36.72592,  3.18295
36.72592,  3.18298
36.72592,  3.18300
36.72593,  3.18302
36.72593,  3.18305
36.72593,  3.18307
36.72593,  3.18309
36.72594,  3.18310
36.72594,  3.18313
36.72594,  3.18314
36.72594,  3.18315
36.72594,  3.18317
36.72594,  3.18318
36.72594,  3.18321
36.72594,  3.18324
36.72594,  3.18327
36.72595,  3.18329
36.72595,  3.18331
36.72595,  3.18334
36.72597,  3.18336
36.72597,  3.18338
36.72597,  3.18340
36.72599,  3.18344
36.72599,  3.18345
36.72599,  3.18346
36.72599,  3.18347
36.72599,  3.18349
36.72599,  3.18350
36.72599,  3.18351
36.72599,  3.18351
36.72599,  3.18352
36.72599,  3.18352
36.72599,  3.18353
36.72600,  3.18354
36.72600,  3.18355
36.72602,  3.18356
36.72602,  3.18356
36.72603,  3.18357
36.72603,  3.18358
36.72604,  3.18358
36.72605,  3.18359
36.72605,  3.18360
36.72606,  3.18361
36.72607,  3.18363
36.72607,  3.18364
36.72608,  3.18365
36.72607,  3.18366
36.72607,  3.18366
36.72608,  3.18367
36.72608,  3.18368
36.72610,  3.18369
36.72610,  3.18370
36.72610,  3.18371
36.72611,  3.18373
36.72611,  3.18375
36.72613,  3.18377
36.72617,  3.18379
36.72618,  3.18381
36.72620,  3.18384
36.72620,  3.18387
36.72621,  3.18390